-80, 1.36587e-06, 0.957872, -0.630153, 1.86047, 118.635
-79, 1.63311e-06, 0.955586, -0.630153, 1.86092, 119.643
-78, 1.95263e-06, 0.953181, -0.630153, 1.86141, 120.664
-77, 2.33467e-06, 0.950654, -0.630153, 1.86195, 121.699
-76, 2.79146e-06, 0.947997, -0.630153, 1.86253, 122.747
-75, 3.33762e-06, 0.945206, -0.630153, 1.86317, 123.808
-74, 3.99064e-06, 0.942275, -0.630153, 1.86387, 124.88
-73, 4.77143e-06, 0.939197, -0.630153, 1.86463, 125.964
-72, 5.70498e-06, 0.935966, -0.630153, 1.86546, 127.058
-71, 6.82118e-06, 0.932576, -0.630153, 1.86636, 128.163
-70, 8.15577e-06, 0.92902, -0.630153, 1.86734, 129.277
-69, 9.75148e-06, 0.925292, -0.630153, 1.86842, 130.399
-68, 1.16594e-05, 0.921385, -0.630153, 1.86959, 131.529
-67, 1.39406e-05, 0.917293, -0.630153, 1.87087, 132.665
-66, 1.66681e-05, 0.913008, -0.630153, 1.87226, 133.807
-65, 1.99292e-05, 0.908523, -0.630153, 1.87378, 134.954
-64, 2.38284e-05, 0.903832, -0.630153, 1.87544, 136.103
-63, 2.84904e-05, 0.898927, -0.630153, 1.87724, 137.254
-62, 3.40645e-05, 0.893803, -0.630153, 1.87922, 138.406
-61, 4.07291e-05, 0.888451, -0.630153, 1.88137, 139.556
-60, 4.86976e-05, 0.882865, -0.630153, 1.88371, 140.704
-59, 5.8225e-05, 0.87704, -0.630153, 1.88627, 141.847
-58, 6.96162e-05, 0.870967, -0.630153, 1.88906, 142.984
-57, 8.32358e-05, 0.864641, -0.630153, 1.89211, 144.113
-56, 9.95197e-05, 0.858057, -0.630153, 1.89543, 145.231
-55, 0.000118989, 0.851208, -0.630153, 1.89905, 146.337
-54, 0.000142266, 0.844089, -0.630153, 1.90299, 147.429
-53, 0.000170097, 0.836696, -0.630153, 1.9073, 148.504
-52, 0.00020337, 0.829024, -0.630153, 1.912, 149.56
-51, 0.000243151, 0.82107, -0.630153, 1.91712, 150.595
-50, 0.000290711, 0.812829, -0.630153, 1.9227, 151.605
-49, 0.000347571, 0.804301, -0.630153, 1.92879, 152.589
-48, 0.000415547, 0.795483, -0.630153, 1.93543, 153.544
-47, 0.00049681, 0.786374, -0.630153, 1.94268, 154.467
-46, 0.000593956, 0.776973, -0.630153, 1.95057, 155.356
-45, 0.000710084, 0.767282, -0.630153, 1.95918, 156.207
-44, 0.000848897, 0.757302, -0.630153, 1.96857, 157.019
-43, 0.00101482, 0.747036, -0.630153, 1.97881, 157.788
-42, 0.00121313, 0.736487, -0.630153, 1.98996, 158.512
-41, 0.00145015, 0.72566, -0.645437, 2.00212, 159.188
-40, 0.00173338, 0.714562, -0.754542, 2.01538, 159.814
-39, 0.00207183, 0.703197, -0.881717, 2.02982, 160.387
-38, 0.00247619, 0.691576, -1.02987, 2.04555, 160.905
-37, 0.00295923, 0.679707, -1.20237, 2.06268, 161.365
-36, 0.00353617, 0.667601, -1.40307, 2.08134, 161.766
-35, 0.00422512, 0.655268, -1.63642, 2.10166, 162.105
-34, 0.00504761, 0.642722, -1.90755, 2.12376, 162.381
-33, 0.00602925, 0.629977, -2.22229, 2.1478, 162.591
-32, 0.00720041, 0.617047, -2.58735, 2.17393, 162.735
-31, 0.0085971, 0.603947, -3.01035, 2.20233, 162.811
-30, 0.0102619, 0.590696, -3.49997, 2.23314, 162.819
-29, 0.0122451, 0.57731, -4.06599, 2.26657, 162.757
-28, 0.0146059, 0.563807, -4.71948, 2.30278, 162.625
-27, 0.0174139, 0.550207, -5.47279, 2.34195, 162.423
-26, 0.0207503, 0.536529, -6.33969, 2.38427, 162.15
-25, 0.0247099, 0.522794, -7.33539, 2.4299, 161.808
-24, 0.0294024, 0.509022, -8.47648, 2.47897, 161.396
-23, 0.0349541, 0.495233, -9.78091, 2.53163, 160.916
-22, 0.0415091, 0.481448, -11.2677, 2.58794, 160.369
-21, 0.0492308, 0.467689, -12.9569, 2.64793, 159.755
-20, 0.0583015, 0.453976, -14.8686, 2.71156, 159.077
-19, 0.0689222, 0.44033, -17.0227, 2.77867, 158.336
-18, 0.0813108, 0.426769, -19.4378, 2.84899, 157.534
-17, 0.0956972, 0.413315, -22.1298, 2.92213, 156.674
-16, 0.112318, 0.399987, -25.1107, 2.99748, 155.758
-15, 0.131406, 0.386801, -28.3863, 3.07427, 154.788
-14, 0.153178, 0.373777, -31.9547, 3.15148, 153.768
-13, 0.177819, 0.36093, -35.8035, 3.22789, 152.7
-12, 0.205461, 0.348276, -39.9085, 3.30203, 151.587
-11, 0.236167, 0.335831, -44.2313, 3.37225, 150.432
-10, 0.269903, 0.323607, -48.7188, 3.43674, 149.239
-9, 0.306524, 0.311616, -53.3029, 3.49365, 148.01
-8, 0.345761, 0.299871, -57.9023, 3.54112, 146.749
-7, 0.387216, 0.288382, -62.4253, 3.57751, 145.46
-6, 0.430371, 0.277156, -66.7741, 3.60141, 144.144
-5, 0.474611, 0.266203, -70.8507, 3.61186, 142.806
-4, 0.519253, 0.255528, -74.5626, 3.60838, 141.448
-3, 0.56359, 0.245136, -77.829, 3.59103, 140.074
-2, 0.606933, 0.235033, -80.5858, 3.56043, 138.686
-1, 0.648656, 0.225221, -82.7889, 3.51767, 137.288
0, 0.688224, 0.215703, -84.4155, 3.46425, 135.882
1, 0.725224, 0.206479, -85.4641, 3.40192, 134.471
2, 0.759368, 0.197549, -85.9518, 3.33258, 133.058
3, 0.790495, 0.188914, -85.9115, 3.25815, 131.645
4, 0.818558, 0.180571, -85.3876, 3.18044, 130.234
5, 0.843605, 0.172518, -84.4321, 3.10111, 128.828
6, 0.865762, 0.164751, -83.1009, 3.02161, 127.429
7, 0.885207, 0.157268, -81.4508, 2.94313, 126.038
8, 0.902153, 0.150064, -79.5368, 2.86665, 124.657
9, 0.916833, 0.143134, -77.4107, 2.79289, 123.289
10, 0.929483, 0.136473, -75.1196, 2.7224, 121.934
11, 0.940334, 0.130075, -72.7057, 2.65553, 120.594
12, 0.949605, 0.123934, -70.2059, 2.59249, 119.271
13, 0.957501, 0.118044, -67.6521, 2.53339, 117.965
14, 0.964207, 0.112399, -65.0714, 2.47821, 116.678
15, 0.969888, 0.10699, -62.4864, 2.42689, 115.41
16, 0.97469, 0.101813, -59.9159, 2.37931, 114.163
17, 0.978744, 0.0968594, -57.3752, 2.33532, 112.937
18, 0.98216, 0.0921223, -54.8767, 2.29472, 111.732
19, 0.985036, 0.0875947, -52.4302, 2.25734, 110.55
20, 0.987454, 0.0832696, -50.0432, 2.22296, 109.39
21, 0.989485, 0.0791397, -47.7218, 2.19139, 108.253
22, 0.991191, 0.0751982, -45.4701, 2.16243, 107.14
23, 0.992622, 0.071438, -43.2912, 2.13589, 106.05
24, 0.993822, 0.0678523, -41.1872, 2.11159, 104.983
25, 0.994827, 0.0644344, -39.159, 2.08934, 103.941
26, 0.99567, 0.0611775, -37.2073, 2.069, 102.922
27, 0.996376, 0.0580752, -35.3317, 2.05039, 101.927
28, 0.996967, 0.0551213, -33.5318, 2.03339, 100.955
29, 0.997462, 0.0523094, -31.8065, 2.01785, 100.007
30, 0.997877, 0.0496335, -30.1545, 2.00366, 99.0822
31, 0.998224, 0.047088, -28.5743, 1.9907, 98.1807
32, 0.998514, 0.0446669, -27.0641, 1.97887, 97.302
33, 0.998757, 0.042365, -25.6222, 1.96807, 96.446
34, 0.99896, 0.0401768, -24.2464, 1.95821, 95.6124
35, 0.99913, 0.0380973, -22.9349, 1.94921, 94.8008
36, 0.999272, 0.0361214, -21.6854, 1.94099, 94.0109
37, 0.999391, 0.0342445, -20.4959, 1.9335, 93.2424
38, 0.999491, 0.0324619, -19.3641, 1.92666, 92.4949
39, 0.999574, 0.0307692, -18.288, 1.92042, 91.768
40, 0.999644, 0.0291622, -17.2654, 1.91472, 91.0614
41, 0.999702, 0.0276368, -16.2942, 1.90953, 90.3746
42, 0.999751, 0.0261891, -15.3723, 1.90479, 89.7072
43, 0.999792, 0.0248154, -14.4976, 1.90046, 89.0589
44, 0.999826, 0.023512, -13.6682, 1.89651, 88.4292
45, 0.999854, 0.0222756, -12.8821, 1.89292, 87.8177
46, 0.999878, 0.0211028, -12.1374, 1.88963, 87.224
47, 0.999898, 0.0199905, -11.4322, 1.88664, 86.6477
48, 0.999915, 0.0189358, -10.7647, 1.8839, 86.0884
49, 0.999929, 0.0179357, -10.1332, 1.88141, 85.5456
50, 0.99994, 0.0169876, -9.53597, 1.87914, 85.0189
51, 0.99995, 0.0160888, -8.97137, 1.87706, 84.5079
52, 0.999958, 0.0152368, -8.43783, 1.87517, 84.0123
53, 0.999965, 0.0144294, -7.93383, 1.87344, 83.5317
54, 0.999971, 0.0136641, -7.45792, 1.87187, 83.0655
55, 0.999976, 0.0129389, -7.00868, 1.87043, 82.6135
56, 0.99998, 0.0122518, -6.58478, 1.86912, 82.1753
57, 0.999983, 0.0116007, -6.1849, 1.86792, 81.7505
58, 0.999986, 0.0109838, -5.80783, 1.86683, 81.3386
59, 0.999988, 0.0103995, -5.45236, 1.86584, 80.9395
60, 0.99999, 0.00984589, -5.11736, 1.86493, 80.5526
