-80, 1.94982e-06, 0.975121, -0.364826, 1.76585, 153.869
-79, 2.31996e-06, 0.973571, -0.364826, 1.76613, 155.221
-78, 2.76037e-06, 0.971928, -0.364826, 1.76645, 156.587
-77, 3.28439e-06, 0.970186, -0.364826, 1.7668, 157.968
-76, 3.90789e-06, 0.96834, -0.364826, 1.76719, 159.362
-75, 4.64974e-06, 0.966384, -0.364826, 1.76761, 160.768
-74, 5.53243e-06, 0.964312, -0.364826, 1.76808, 162.186
-73, 6.58268e-06, 0.962118, -0.364826, 1.76859, 163.615
-72, 7.83231e-06, 0.959796, -0.364826, 1.76916, 165.055
-71, 9.31915e-06, 0.957338, -0.364826, 1.76978, 166.503
-70, 1.10882e-05, 0.954737, -0.364826, 1.77047, 167.959
-69, 1.31932e-05, 0.951987, -0.364826, 1.77123, 169.421
-68, 1.56977e-05, 0.949079, -0.364826, 1.77206, 170.889
-67, 1.86776e-05, 0.946006, -0.364826, 1.77298, 172.36
-66, 2.22232e-05, 0.94276, -0.364826, 1.77399, 173.833
-65, 2.64419e-05, 0.939332, -0.364826, 1.77511, 175.306
-64, 3.14614e-05, 0.935714, -0.364826, 1.77633, 176.778
-63, 3.74337e-05, 0.931896, -0.364826, 1.77768, 178.246
-62, 4.45397e-05, 0.927871, -0.364826, 1.77917, 179.707
-61, 5.29945e-05, 0.923629, -0.364826, 1.78081, 181.161
-60, 6.30541e-05, 0.91916, -0.364826, 1.78262, 182.603
-59, 7.50232e-05, 0.914454, -0.364826, 1.7846, 184.032
-58, 8.92641e-05, 0.909504, -0.364826, 1.78679, 185.444
-57, 0.000106208, 0.904298, -0.364826, 1.7892, 186.837
-56, 0.000126367, 0.898827, -0.364826, 1.79186, 188.207
-55, 0.000150353, 0.893082, -0.364826, 1.79478, 189.552
-54, 0.00017889, 0.887052, -0.364826, 1.798, 190.867
-53, 0.000212843, 0.880729, -0.364826, 1.80155, 192.148
-52, 0.000253238, 0.874103, -0.364826, 1.80545, 193.393
-51, 0.000301298, 0.867166, -0.364826, 1.80975, 194.597
-50, 0.000358475, 0.859908, -0.364826, 1.81448, 195.756
-49, 0.000426497, 0.852322, -0.364826, 1.8197, 196.865
-48, 0.000507421, 0.844399, -0.364826, 1.82544, 197.921
-47, 0.00060369, 0.836133, -0.364826, 1.83176, 198.919
-46, 0.00071821, 0.827517, -0.364826, 1.83871, 199.855
-45, 0.000854436, 0.818546, -0.364826, 1.84637, 200.724
-44, 0.00101647, 0.809214, -0.364826, 1.85481, 201.521
-43, 0.0012092, 0.799519, -0.364826, 1.86409, 202.243
-42, 0.00143843, 0.789456, -0.39908, 1.87431, 202.884
-41, 0.00171102, 0.779025, -0.464539, 1.88556, 203.44
-40, 0.00203518, 0.768225, -0.540511, 1.89793, 203.908
-39, 0.0024206, 0.757057, -0.628637, 1.91155, 204.282
-38, 0.00287879, 0.745524, -0.730801, 1.92652, 204.559
-37, 0.00342342, 0.73363, -0.849165, 1.94299, 204.736
-36, 0.00407066, 0.721381, -0.986206, 1.96111, 204.808
-35, 0.00483968, 0.708784, -1.14476, 1.98101, 204.774
-34, 0.00575315, 0.695849, -1.32805, 2.00288, 204.629
-33, 0.00683784, 0.682586, -1.53976, 2.0269, 204.373
-32, 0.00812536, 0.669009, -1.78408, 2.05327, 204.002
-31, 0.00965296, 0.655132, -2.06572, 2.08219, 203.516
-30, 0.0114644, 0.640972, -2.39002, 2.11389, 202.914
-29, 0.0136112, 0.626548, -2.76298, 2.1486, 202.195
-28, 0.0161534, 0.611879, -3.19129, 2.18658, 201.36
-27, 0.0191611, 0.596988, -3.68236, 2.22808, 200.409
-26, 0.0227159, 0.581899, -4.2444, 2.27335, 199.344
-25, 0.0269122, 0.566636, -4.88636, 2.32265, 198.167
-24, 0.0318584, 0.551226, -5.6179, 2.37623, 196.879
-23, 0.0376784, 0.535697, -6.44934, 2.43431, 195.484
-22, 0.0445127, 0.520078, -7.39149, 2.49708, 193.987
-21, 0.0525191, 0.504398, -8.45544, 2.56469, 192.389
-20, 0.0618722, 0.488688, -9.65223, 2.63721, 190.697
-19, 0.0727632, 0.472979, -10.9924, 2.71462, 188.916
-18, 0.0853967, 0.457301, -12.4854, 2.79677, 187.05
-17, 0.0999872, 0.441685, -14.1389, 2.88336, 185.105
-16, 0.116752, 0.426162, -15.958, 2.9739, 183.088
-15, 0.135904, 0.410762, -17.9437, 3.06768, 181.005
-14, 0.157637, 0.395515, -20.0926, 3.16375, 178.862
-13, 0.182112, 0.380448, -22.3953, 3.26086, 176.665
-12, 0.209443, 0.365589, -24.8351, 3.35752, 174.423
-11, 0.239673, 0.350963, -27.3881, 3.45194, 172.141
-10, 0.272762, 0.336595, -30.0218, 3.54214, 169.825
-9, 0.308565, 0.322507, -32.6964, 3.62595, 167.484
-8, 0.346825, 0.30872, -35.3648, 3.7012, 165.122
-7, 0.387174, 0.295252, -37.9751, 3.76573, 162.747
-6, 0.429133, 0.282119, -40.473, 3.81766, 160.364
-5, 0.472135, 0.269337, -42.8041, 3.8554, 157.98
-4, 0.515555, 0.256917, -44.9183, 3.87787, 155.6
-3, 0.558742, 0.24487, -46.7718, 3.88454, 153.23
-2, 0.601057, 0.233203, -48.3302, 3.87545, 150.873
-1, 0.641916, 0.221924, -49.5703, 3.85123, 148.536
0, 0.680812, 0.211035, -50.4802, 3.81302, 146.222
1, 0.717343, 0.20054, -51.0598, 3.76235, 143.936
2, 0.751221, 0.190438, -51.3191, 3.70103, 141.681
3, 0.782272, 0.180728, -51.2762, 3.63101, 139.46
4, 0.810424, 0.171408, -50.9562, 3.55429, 137.276
5, 0.835701, 0.162473, -50.388, 3.47276, 135.132
6, 0.858198, 0.153919, -49.603, 3.38818, 133.031
7, 0.878063, 0.145737, -48.6329, 3.30211, 130.973
8, 0.895485, 0.137922, -47.5089, 3.21589, 128.961
9, 0.91067, 0.130463, -46.2603, 3.13063, 126.997
10, 0.923837, 0.123353, -44.914, 3.0472, 125.081
11, 0.935202, 0.116581, -43.4942, 2.9663, 123.215
12, 0.944971, 0.110137, -42.0222, 2.88842, 121.398
13, 0.953341, 0.10401, -40.5167, 2.81394, 119.631
14, 0.960491, 0.0981894, -38.9933, 2.74306, 117.916
15, 0.966584, 0.092664, -37.4655, 2.67591, 116.25
16, 0.971765, 0.0874225, -35.9443, 2.61254, 114.636
17, 0.976163, 0.0824536, -34.4389, 2.5529, 113.071
18, 0.979889, 0.0777461, -32.9568, 2.49694, 111.556
19, 0.983044, 0.0732889, -31.5039, 2.44453, 110.091
20, 0.98571, 0.0690709, -30.0849, 2.39555, 108.674
21, 0.987963, 0.0650814, -28.7034, 2.34983, 107.305
22, 0.989864, 0.0613098, -27.3622, 2.30723, 105.983
23, 0.991467, 0.0577459, -26.0631, 2.26756, 104.707
24, 0.992819, 0.0543795, -24.8075, 2.23066, 103.476
25, 0.993958, 0.051201, -23.5962, 2.19637, 102.29
26, 0.994917, 0.0482011, -22.4296, 2.16453, 101.147
27, 0.995724, 0.0453706, -21.3077, 2.13496, 100.046
28, 0.996404, 0.0427009, -20.2303, 2.10753, 98.9856
29, 0.996976, 0.0401835, -19.1969, 2.08208, 97.9653
30, 0.997457, 0.0378104, -18.2067, 2.05849, 96.9838
31, 0.997862, 0.035574, -17.2589, 2.03662, 96.04
32, 0.998203, 0.0334669, -16.3527, 2.01635, 95.1326
33, 0.998489, 0.0314821, -15.4869, 1.99758, 94.2605
34, 0.99873, 0.0296128, -14.6603, 1.98018, 93.4227
35, 0.998932, 0.0278527, -13.872, 1.96407, 92.6179
36, 0.999102, 0.0261957, -13.1205, 1.94914, 91.8452
37, 0.999245, 0.024636, -12.4048, 1.93532, 91.1033
38, 0.999366, 0.0231682, -11.7235, 1.92252, 90.3913
39, 0.999467, 0.0217871, -11.0754, 1.91067, 89.7081
40, 0.999552, 0.0204876, -10.4592, 1.8997, 89.0527
41, 0.999623, 0.0192652, -9.8738, 1.88954, 88.424
42, 0.999683, 0.0181155, -9.31785, 1.88013, 87.821
43, 0.999734, 0.0170341, -8.7902, 1.87143, 87.2429
44, 0.999776, 0.0160172, -8.28964, 1.86336, 86.6887
45, 0.999812, 0.0150611, -7.81503, 1.8559, 86.1574
46, 0.999842, 0.0141621, -7.36523, 1.84899, 85.6483
47, 0.999867, 0.0133169, -6.93914, 1.8426, 85.1603
48, 0.999888, 0.0125224, -6.53569, 1.83668, 84.6928
49, 0.999906, 0.0117755, -6.15385, 1.8312, 84.245
50, 0.999921, 0.0110736, -5.79261, 1.82613, 83.8159
51, 0.999934, 0.0104138, -5.451, 1.82143, 83.405
52, 0.999944, 0.00979376, -5.12807, 1.81709, 83.0114
53, 0.999953, 0.00921108, -4.82293, 1.81306, 82.6344
54, 0.999961, 0.00866353, -4.53469, 1.80934, 82.2735
55, 0.999967, 0.00814902, -4.26253, 1.80589, 81.9279
56, 0.999972, 0.00766557, -4.00563, 1.8027, 81.5971
57, 0.999977, 0.00721134, -3.76323, 1.79975, 81.2803
58, 0.99998, 0.00678457, -3.53458, 1.79702, 80.9771
59, 0.999984, 0.00638361, -3.31897, 1.79449, 80.6868
60, 0.999986, 0.00600692, -3.11571, 1.79214, 80.409
